os1_cloud_node-pylon_camera_node:
  q:
    w: 0.5865748
    x: -0.5429617
    y: 0.4145693
    z: -0.4350344
  t:
    x: 0.0232067
    y: -0.0234122
    z: -0.128519